-- phpMyAdmin SQL Dump
-- version 5.2.0
-- https://www.phpmyadmin.net/
--
-- 主機： 127.0.0.1
-- 產生時間： 2022-07-11 05:56:06
-- 伺服器版本： 10.4.24-MariaDB
-- PHP 版本： 8.1.6

SET SQL_MODE = "NO_AUTO_VALUE_ON_ZERO";
START TRANSACTION;
SET time_zone = "+00:00";


/*!40101 SET @OLD_CHARACTER_SET_CLIENT=@@CHARACTER_SET_CLIENT */;
/*!40101 SET @OLD_CHARACTER_SET_RESULTS=@@CHARACTER_SET_RESULTS */;
/*!40101 SET @OLD_COLLATION_CONNECTION=@@COLLATION_CONNECTION */;
/*!40101 SET NAMES utf8mb4 */;

--
-- 資料庫： `injoin_db`
--

-- --------------------------------------------------------

--
-- 資料表結構 `bartd_cate_list`
--

DROP TABLE IF EXISTS `bartd_cate_list`;
CREATE TABLE `bartd_cate_list` (
  `id` int(3) UNSIGNED NOT NULL,
  `bartd_id` int(4) NOT NULL,
  `bartd_cate_id_m` int(3) NOT NULL,
  `bartd_cate_id_s` int(3) NOT NULL
) ENGINE=InnoDB DEFAULT CHARSET=utf8mb4;

--
-- 傾印資料表的資料 `bartd_cate_list`
--

INSERT INTO `bartd_cate_list` (`id`, `bartd_id`, `bartd_cate_id_m`, `bartd_cate_id_s`) VALUES
(1, 1, 1, 10),
(2, 1, 2, 28),
(3, 1, 3, 32),
(4, 1, 4, 35),
(5, 2, 2, 25),
(6, 3, 1, 11),
(7, 3, 2, 25),
(8, 3, 3, 32),
(9, 3, 4, 36),
(10, 4, 4, 36),
(11, 4, 2, 20),
(12, 5, 1, 7),
(13, 5, 2, 22),
(14, 5, 3, 30),
(15, 5, 4, 36),
(16, 6, 1, 8),
(17, 6, 2, 25),
(18, 6, 3, 32),
(19, 6, 4, 36),
(20, 7, 2, 21),
(21, 7, 3, 32),
(22, 8, 1, 7),
(23, 8, 2, 22),
(24, 8, 3, 30),
(25, 8, 4, 37),
(26, 9, 1, 10),
(27, 9, 2, 21),
(28, 9, 3, 32),
(29, 9, 4, 35),
(30, 10, 1, 7),
(31, 10, 2, 24),
(32, 10, 3, 30),
(33, 10, 4, 36),
(34, 11, 1, 6),
(35, 11, 2, 23),
(36, 11, 3, 30),
(37, 11, 4, 36),
(38, 12, 2, 22),
(39, 12, 3, 34),
(40, 12, 4, 36),
(41, 13, 1, 7),
(42, 13, 2, 21),
(43, 13, 3, 32),
(44, 13, 4, 35),
(45, 14, 1, 7),
(46, 14, 2, 24),
(47, 14, 3, 32),
(48, 14, 4, 37),
(49, 15, 1, 12),
(50, 15, 2, 24),
(51, 15, 3, 30),
(52, 15, 4, 37),
(53, 16, 1, 12),
(54, 16, 2, 24),
(55, 16, 3, 30),
(56, 16, 4, 37),
(57, 17, 2, 24),
(58, 17, 3, 32),
(59, 17, 4, 36),
(60, 18, 1, 5),
(61, 18, 2, 21),
(62, 18, 3, 32),
(63, 19, 1, 7),
(64, 19, 2, 21),
(65, 19, 3, 32),
(66, 19, 4, 35),
(67, 20, 1, 6),
(68, 20, 2, 22),
(69, 20, 3, 30),
(70, 20, 4, 36),
(71, 21, 1, 14),
(72, 21, 2, 21),
(73, 21, 3, 32),
(74, 21, 4, 35),
(75, 22, 1, 19),
(76, 22, 2, 22),
(77, 22, 3, 32),
(78, 22, 4, 36),
(79, 23, 2, 28),
(80, 23, 3, 30),
(81, 23, 4, 36),
(82, 24, 1, 12),
(83, 24, 2, 24),
(84, 24, 3, 30),
(85, 24, 4, 37),
(86, 25, 1, 7),
(87, 25, 2, 21),
(88, 25, 3, 32),
(89, 25, 4, 35),
(90, 26, 1, 16),
(91, 26, 2, 22),
(92, 26, 3, 32),
(93, 26, 4, 36),
(94, 27, 1, 12),
(95, 27, 2, 21),
(96, 27, 3, 32),
(97, 27, 4, 35),
(98, 28, 1, 5),
(99, 28, 2, 21),
(100, 28, 3, 32),
(101, 28, 4, 35),
(102, 29, 1, 5),
(103, 29, 2, 22),
(104, 29, 3, 32),
(105, 29, 4, 36),
(106, 30, 1, 12),
(107, 30, 2, 21),
(108, 30, 3, 31),
(109, 30, 4, 35),
(110, 31, 1, 10),
(111, 31, 2, 21),
(112, 31, 3, 32),
(113, 31, 4, 35),
(114, 32, 1, 7),
(115, 32, 2, 21),
(116, 32, 3, 32),
(117, 32, 4, 35),
(118, 33, 1, 11),
(119, 33, 2, 22),
(120, 33, 3, 32),
(121, 33, 4, 36),
(122, 34, 1, 11),
(123, 34, 2, 25),
(124, 34, 3, 32),
(125, 34, 4, 36),
(126, 35, 1, 7),
(127, 35, 2, 21),
(128, 35, 3, 32),
(129, 35, 4, 36),
(130, 36, 1, 5),
(131, 36, 2, 25),
(132, 36, 3, 32),
(133, 36, 4, 36),
(134, 37, 1, 15),
(135, 37, 3, 33),
(136, 37, 4, 38),
(137, 38, 1, 10),
(138, 38, 2, 25),
(139, 38, 3, 33),
(140, 38, 4, 38),
(141, 39, 1, 11),
(142, 39, 2, 25),
(143, 39, 3, 32),
(144, 39, 4, 36),
(145, 40, 1, 6),
(146, 40, 2, 22),
(147, 40, 3, 30),
(148, 40, 4, 36),
(149, 41, 1, 7),
(150, 41, 2, 21),
(151, 41, 3, 32),
(152, 41, 4, 35),
(153, 42, 1, 7),
(154, 42, 3, 30),
(155, 43, 1, 14),
(156, 43, 2, 29),
(157, 43, 3, 32),
(158, 43, 4, 36),
(159, 44, 1, 15),
(160, 44, 2, 24),
(161, 44, 3, 33),
(162, 44, 4, 38),
(163, 45, 1, 12),
(164, 45, 2, 28),
(165, 45, 3, 31),
(166, 45, 4, 35),
(167, 46, 1, 6),
(168, 46, 2, 22),
(169, 46, 3, 30),
(170, 46, 4, 36),
(171, 47, 1, 7),
(172, 47, 2, 21),
(173, 47, 3, 32),
(174, 47, 4, 35),
(175, 48, 1, 15),
(176, 48, 2, 25),
(177, 48, 3, 33),
(178, 48, 4, 38),
(179, 49, 2, 22),
(180, 49, 3, 32),
(181, 49, 4, 36),
(182, 50, 2, 21),
(183, 50, 3, 32),
(184, 50, 4, 36),
(185, 51, 1, 13),
(186, 51, 2, 26),
(187, 51, 3, 32),
(188, 51, 4, 35),
(189, 52, 1, 7),
(190, 52, 2, 21),
(191, 52, 3, 32),
(192, 52, 4, 35),
(193, 53, 1, 12),
(194, 53, 2, 24),
(195, 53, 3, 30),
(196, 53, 4, 37),
(197, 54, 1, 7),
(198, 54, 2, 24),
(199, 54, 3, 32),
(200, 54, 4, 36),
(201, 55, 1, 7),
(202, 55, 2, 22),
(203, 55, 3, 30),
(204, 55, 4, 36),
(205, 56, 1, 12),
(206, 56, 2, 21),
(207, 56, 3, 31),
(208, 56, 4, 35),
(209, 57, 1, 7),
(210, 57, 2, 21),
(211, 57, 3, 32),
(212, 57, 4, 35),
(213, 58, 2, 24),
(214, 58, 3, 32),
(215, 59, 1, 10),
(216, 59, 2, 26),
(217, 59, 3, 32),
(218, 59, 4, 35),
(219, 60, 1, 5),
(220, 60, 2, 24),
(221, 60, 3, 31),
(222, 60, 4, 35),
(223, 61, 1, 7),
(224, 61, 3, 32),
(225, 61, 4, 35),
(226, 62, 1, 7),
(227, 62, 2, 21),
(228, 62, 3, 32),
(229, 62, 4, 35),
(230, 63, 1, 7),
(231, 63, 2, 21),
(232, 63, 3, 32),
(233, 63, 4, 35),
(234, 64, 1, 13),
(235, 64, 2, 21),
(236, 64, 3, 31),
(237, 64, 4, 35),
(238, 65, 1, 12),
(239, 65, 2, 29),
(240, 65, 3, 30),
(241, 65, 4, 37),
(242, 66, 1, 7),
(243, 66, 2, 26),
(244, 66, 3, 32),
(245, 66, 4, 35),
(246, 67, 1, 12),
(247, 67, 2, 24),
(248, 67, 3, 30),
(249, 67, 4, 37),
(250, 68, 2, 24),
(251, 68, 3, 33),
(252, 68, 4, 37),
(253, 69, 1, 7),
(254, 69, 2, 21),
(255, 69, 3, 32),
(256, 69, 4, 35),
(257, 70, 1, 12),
(258, 70, 2, 21),
(259, 70, 3, 31),
(260, 70, 4, 35),
(261, 71, 1, 7),
(262, 71, 2, 21),
(263, 71, 3, 32),
(264, 71, 4, 35),
(265, 72, 1, 12),
(266, 72, 2, 24),
(267, 72, 3, 31),
(268, 72, 4, 37),
(269, 73, 1, 12),
(270, 73, 2, 24),
(271, 73, 3, 30),
(272, 73, 4, 37),
(273, 74, 1, 5),
(274, 74, 2, 24),
(275, 74, 4, 35),
(276, 75, 1, 6),
(277, 75, 2, 23),
(278, 75, 3, 30),
(279, 75, 4, 36),
(280, 76, 2, 24),
(281, 77, 1, 12),
(282, 77, 2, 24),
(283, 77, 3, 30),
(284, 77, 4, 37),
(285, 78, 1, 17),
(286, 78, 2, 22),
(287, 78, 3, 30),
(288, 78, 4, 36),
(289, 79, 1, 15),
(290, 79, 2, 27),
(291, 79, 3, 33),
(292, 79, 4, 38),
(293, 80, 1, 15),
(294, 80, 2, 27),
(295, 80, 3, 33),
(296, 80, 4, 38),
(297, 81, 1, 5),
(298, 81, 2, 21),
(299, 81, 3, 31),
(300, 81, 4, 35);

--
-- 已傾印資料表的索引
--

--
-- 資料表索引 `bartd_cate_list`
--
ALTER TABLE `bartd_cate_list`
  ADD PRIMARY KEY (`id`);

--
-- 在傾印的資料表使用自動遞增(AUTO_INCREMENT)
--

--
-- 使用資料表自動遞增(AUTO_INCREMENT) `bartd_cate_list`
--
ALTER TABLE `bartd_cate_list`
  MODIFY `id` int(3) UNSIGNED NOT NULL AUTO_INCREMENT, AUTO_INCREMENT=301;
COMMIT;

/*!40101 SET CHARACTER_SET_CLIENT=@OLD_CHARACTER_SET_CLIENT */;
/*!40101 SET CHARACTER_SET_RESULTS=@OLD_CHARACTER_SET_RESULTS */;
/*!40101 SET COLLATION_CONNECTION=@OLD_COLLATION_CONNECTION */;
